error(train): 0.210000
error(test): 0.262500
